SCHOOL_YEAR,NUM_OF_SCHOOLS_IN_DATA_LEVEL,TOTAL_CLASSES,TOTAL_CLASSES_GREATER_30,AVG_CLASS_SIZE_K,AVG_CLASS_SIZE_1_3,AVG_CLASS_SIZE_4_7,AVG_CLASS_SIZE_8_12
2006/2007,118,5282,351,17.9,20.6,25.7,26.6
2007/2008,118,5399,430,17.8,20.7,25.7,26.6
2008/2009,119,5536,452,18.2,20.7,25.5,26.4
2009/2010,118,5556,444,18.2,20.7,25.5,26.7
2010/2011,119,5853,350,18.7,20.8,25.8,26.4
2011/2012,119,6084,376,18.6,20.8,26.1,26.4
2012/2013,118,6752,71,18.9,21,25.7,23.4
2013/2014,126,7097,90,19.5,21.4,26.4,22.7
2014/2015,120,7011,109,19.3,21.5,26.6,23.5
2015/2016,120,7037,120,19.6,21.9,27,23.7
2016/2017,120,8216,106,19.6,22,27.2,20.2
